# Created by Octave 4.2.2, Thu Jul 05 14:56:43 2018 EAT <nardos@nardian>
# name: A
# type: matrix
# rows: 3
# columns: 2
 1 2
 3 4
 5 6


