# Created by Octave 4.2.2, Tue Sep 25 10:45:13 2018 EAT <nardos@nardian>
# name: login
# type: matrix
# rows: 0
# columns: 0


# name: password
# type: matrix
# rows: 0
# columns: 0


